[gd_resource type="Skin" format=3 uid="uid://dl0p5yqa5u1st"]

[resource]
resource_name = "Skin"
bind_count = 49
bind/0/name = &"LeftFoot"
bind/0/bone = -1
bind/0/pose = Transform3D(-0.999496, -0.0317421, 1.62981e-07, 1.638e-07, 5.96046e-08, 1, -0.0317421, 0.999496, -2.98023e-08, 0.116153, 0.0368738, -0.0520335)
bind/1/name = &"RightFoot"
bind/1/bone = -1
bind/1/pose = Transform3D(-0.999496, 0.0317411, -1.86266e-09, -1.7964e-07, 2.98023e-08, 1, 0.0317411, 0.999496, -5.96046e-08, -0.116154, 0.0368737, -0.0520335)
bind/2/name = &"LeftToes"
bind/2/bone = -1
bind/2/pose = Transform3D(0.999496, 0.0317421, -1.61119e-07, 1.63913e-07, 3.73247e-21, 1, 0.031742, -0.999496, 4.46164e-15, -0.114291, -0.0595125, -0.00661085)
bind/3/name = &"RightToes"
bind/3/bone = -1
bind/3/pose = Transform3D(0.999496, -0.0317411, 9.31334e-10, -1.78814e-07, -2.98023e-08, 1, -0.0317411, -0.999496, 2.98023e-08, 0.114291, -0.0595126, -0.00661081)
bind/4/name = &"LeftShoulder"
bind/4/bone = -1
bind/4/pose = Transform3D(0.430958, -0.374928, 0.820795, 0.882852, -0.0129832, -0.469471, 0.186674, 0.926963, 0.32541, 0.478733, -0.0413178, -1.30874)
bind/5/name = &"RightShoulder"
bind/5/bone = -1
bind/5/pose = Transform3D(0.430941, 0.374931, -0.820803, -0.882852, -0.0130326, -0.469472, -0.186716, 0.926961, 0.325392, -0.47874, -0.0412489, -1.30874)
bind/6/name = &"LeftLowerArm"
bind/6/bone = -1
bind/6/pose = Transform3D(0.0230925, -0.944368, -0.328081, 0.997532, 9.98401e-08, 0.0702129, -0.0663065, -0.328892, 0.942037, 1.25555, -0.524114, 0.532817)
bind/7/name = &"RightLowerArm"
bind/7/bone = -1
bind/7/pose = Transform3D(0.0230912, 0.944373, 0.328064, -0.997532, -6.06967e-08, 0.0702123, 0.0663069, -0.328876, 0.942043, -1.25556, -0.524114, 0.532794)
bind/8/name = &"Jaw"
bind/8/bone = -1
bind/8/pose = Transform3D(-1, -6.47527e-09, 4.02454e-08, 4.07629e-08, -0.15885, 0.987303, -3.70264e-14, 0.987303, 0.158851, 6.24289e-09, 0.153149, -1.69396)
bind/9/name = &"RightEye"
bind/9/bone = -1
bind/9/pose = Transform3D(1, 6.47527e-09, -4.02454e-08, 4.07629e-08, -0.15885, 0.987303, 3.70264e-14, -0.987303, -0.158851, -6.02795e-09, 0.147876, 1.66119)
bind/10/name = &"LeftHand"
bind/10/bone = -1
bind/10/pose = Transform3D(-0.294109, 0.307229, -0.905048, 0.949879, -0.0110342, -0.312424, -0.105972, -0.951572, -0.288585, -0.21387, -0.755213, 1.36991)
bind/11/name = &"LeftMiddleProximal"
bind/11/bone = -1
bind/11/pose = Transform3D(-0.0504469, 0.29499, -0.954168, 0.98976, -0.112968, -0.0872535, -0.133529, -0.948799, -0.286271, -0.419683, -0.742481, 1.39108)
bind/12/name = &"LeftMiddleIntermediate"
bind/12/bone = -1
bind/12/pose = Transform3D(-0.00111466, 0.289001, -0.957329, 0.986729, -0.155129, -0.0479791, -0.162375, -0.944677, -0.284993, -0.458238, -0.722211, 1.41275)
bind/13/name = &"LeftMiddleDistal"
bind/13/bone = -1
bind/13/pose = Transform3D(-0.00111464, 0.289001, -0.957329, 0.986729, -0.155128, -0.0479791, -0.162375, -0.944677, -0.284993, -0.458238, -0.757345, 1.41274)
bind/14/name = &"Finger_04_L"
bind/14/bone = -1
bind/14/pose = Transform3D(1, -1.0943e-08, -1.39705e-09, -9.38902e-09, 1, -3.88662e-08, -1.74623e-09, 1.86263e-08, 1, -1.00393, -1.33947, 0.0779169)
bind/15/name = &"LeftIndexProximal"
bind/15/bone = -1
bind/15/pose = Transform3D(0.128576, 0.274669, -0.952904, 0.991306, -0.00852605, 0.131301, 0.0279397, -0.961501, -0.273378, -0.498182, -0.883126, 1.2851)
bind/16/name = &"LeftIndexIntermediate"
bind/16/bone = -1
bind/16/pose = Transform3D(0.161188, 0.267999, -0.94984, 0.973031, -0.204073, 0.107544, -0.165015, -0.941558, -0.293665, -0.519864, -0.640018, 1.44003)
bind/17/name = &"LeftIndexDistal"
bind/17/bone = -1
bind/17/pose = Transform3D(0.161188, 0.267999, -0.94984, 0.97303, -0.204073, 0.107544, -0.165014, -0.941558, -0.293665, -0.519864, -0.67793, 1.44003)
bind/18/name = &"IndexFinger_04_L"
bind/18/bone = -1
bind/18/pose = Transform3D(1, 3.72523e-09, -1.49012e-08, -1.62643e-09, 1, -2.51077e-08, -6.95971e-15, -1.30386e-08, 1, -1.01689, -1.34497, -0.0040423)
bind/19/name = &"LeftThumbMetacarpal"
bind/19/bone = -1
bind/19/pose = Transform3D(0.0512755, 0.96571, 0.254513, 0.831719, -0.182644, 0.525453, 0.553919, 0.18474, -0.812565, -1.34854, -0.453584, -0.702813)
bind/20/name = &"LeftThumbProximal"
bind/20/bone = -1
bind/20/pose = Transform3D(0.344434, 0.86569, 0.363246, 0.84849, -0.453191, 0.275497, 0.403114, 0.21332, -0.890624, -1.47982, -0.159246, -0.603707)
bind/21/name = &"LeftThumbDistal"
bind/21/bone = -1
bind/21/pose = Transform3D(0.344434, 0.86569, 0.363246, 0.84849, -0.453191, 0.275497, 0.403114, 0.21332, -0.890624, -1.47982, -0.215936, -0.603707)
bind/22/name = &"RightHand"
bind/22/bone = -1
bind/22/pose = Transform3D(-0.29411, -0.307213, 0.905052, -0.949879, -0.0110374, -0.312424, 0.10597, -0.951577, -0.288569, 0.213848, -0.755209, 1.36991)
bind/23/name = &"RightMiddleProximal"
bind/23/bone = -1
bind/23/pose = Transform3D(-0.0504469, -0.294974, 0.954173, -0.98976, -0.112973, -0.0872533, 0.133533, -0.948803, -0.286254, 0.419662, -0.742474, 1.39109)
bind/24/name = &"RightMiddleIntermediate"
bind/24/bone = -1
bind/24/pose = Transform3D(-0.00111944, -0.288985, 0.957333, -0.986729, -0.155125, -0.0479808, 0.162372, -0.944682, -0.284977, 0.458212, -0.722217, 1.41275)
bind/25/name = &"RightMiddleDistal"
bind/25/bone = -1
bind/25/pose = Transform3D(-0.00111946, -0.288985, 0.957333, -0.986729, -0.155125, -0.0479808, 0.162372, -0.944682, -0.284977, 0.458213, -0.75735, 1.41275)
bind/26/name = &"Finger_04_R"
bind/26/bone = -1
bind/26/pose = Transform3D(1, -9.0513e-09, 5.47152e-09, -3.97281e-09, -1, 6.96307e-08, 1.86262e-09, -2.23516e-08, -1, 1.00393, 1.33947, -0.077917)
bind/27/name = &"RightIndexProximal"
bind/27/bone = -1
bind/27/pose = Transform3D(0.128585, -0.274653, 0.952907, -0.991306, -0.00854861, 0.131302, -0.0279165, -0.961505, -0.273364, 0.498167, -0.883096, 1.28513)
bind/28/name = &"RightIndexIntermediate"
bind/28/bone = -1
bind/28/pose = Transform3D(0.161209, -0.267977, 0.949843, -0.973013, -0.204158, 0.107542, 0.165099, -0.941546, -0.293657, 0.519853, -0.639885, 1.44009)
bind/29/name = &"RightIndexDistal"
bind/29/bone = -1
bind/29/pose = Transform3D(0.161209, -0.267976, 0.949843, -0.973013, -0.204158, 0.107542, 0.165099, -0.941546, -0.293657, 0.519853, -0.677797, 1.44009)
bind/30/name = &"IndexFinger_04_R"
bind/30/bone = -1
bind/30/pose = Transform3D(1, -1.11759e-08, -1.11759e-08, -1.96304e-08, -1, 8.11592e-09, 1.11759e-08, 1.30386e-08, -1, 1.01689, 1.34497, 0.00404234)
bind/31/name = &"RightThumbMetacarpal"
bind/31/bone = -1
bind/31/pose = Transform3D(0.0511832, -0.965733, -0.254442, -0.831742, -0.182524, 0.525458, -0.553894, 0.184735, -0.812583, 1.34849, -0.453765, -0.702783)
bind/32/name = &"RightThumbProximal"
bind/32/bone = -1
bind/32/pose = Transform3D(0.344447, -0.865695, -0.363218, -0.848489, -0.453192, 0.2755, -0.403107, 0.213291, -0.890634, 1.47984, -0.159242, -0.603662)
bind/33/name = &"RightThumbDistal"
bind/33/bone = -1
bind/33/pose = Transform3D(0.344447, -0.865696, -0.363218, -0.848489, -0.453192, 0.2755, -0.403107, 0.213291, -0.890634, 1.47984, -0.215932, -0.603663)
bind/34/name = &"Head"
bind/34/bone = -1
bind/34/pose = Transform3D(1, 6.47527e-09, -4.02454e-08, -3.70264e-14, 0.987303, 0.158851, 4.07629e-08, -0.15885, 0.987303, -1.03552e-08, -1.54842, 0.254032)
bind/35/name = &"Hips"
bind/35/bone = -1
bind/35/pose = Transform3D(1, 3.96657e-15, -6.44485e-15, -4.88498e-15, 0.988775, -0.149412, 5.77985e-15, 0.149412, 0.988775, -3.47581e-15, -0.86644, -0.130926)
bind/36/name = &"LeftLowerLeg"
bind/36/bone = -1
bind/36/pose = Transform3D(0.999496, 0.0317421, -1.49012e-07, 0.031742, -0.999496, 9.31323e-08, -1.63913e-07, -2.6077e-08, -1, -0.125313, 0.428688, -0.0204691)
bind/37/name = &"RightLowerLeg"
bind/37/bone = -1
bind/37/pose = Transform3D(0.999496, -0.0317411, 0, -0.0317411, -0.999496, 1.0198e-07, 1.78814e-07, -2.6077e-08, -1, 0.125312, 0.428689, -0.020469)
bind/38/name = &"Neck"
bind/38/bone = -1
bind/38/pose = Transform3D(1, 6.47527e-09, -4.02454e-08, -3.58284e-14, 0.987303, 0.158851, 4.0763e-08, -0.158851, 0.987303, -1.03552e-08, -1.42678, 0.254032)
bind/39/name = &"Root"
bind/39/bone = -1
bind/39/pose = Transform3D(1, 0, 0, 0, 1, 0, 0, 0, 1, 0, 0, 0)
bind/40/name = &"LeftUpperArm"
bind/40/bone = -1
bind/40/pose = Transform3D(0.0152315, 0.328462, -0.944395, 0.99613, -0.0867548, -0.0141073, -0.0865645, -0.940525, -0.328513, -0.505331, -0.07031, 1.30832)
bind/41/name = &"RightUpperArm"
bind/41/bone = -1
bind/41/pose = Transform3D(0.0152286, -0.328446, 0.9444, -0.99613, -0.0867501, -0.0141077, 0.0865603, -0.94053, -0.328496, 0.505306, -0.0703166, 1.30833)
bind/42/name = &"Spine"
bind/42/bone = -1
bind/42/pose = Transform3D(1, 6.77021e-15, -6.30535e-15, -6.4485e-15, 0.998765, 0.0496955, 6.63401e-15, -0.0496955, 0.998765, -6.21852e-15, -0.977061, 0.0641636)
bind/43/name = &"Chest"
bind/43/bone = -1
bind/43/pose = Transform3D(1, 7.9831e-15, -6.48445e-15, -8.84472e-15, 0.989273, -0.14608, 5.24872e-15, 0.14608, 0.989273, -7.62705e-15, -1.14883, -0.163062)
bind/44/name = &"UpperChest"
bind/44/bone = -1
bind/44/pose = Transform3D(1, -1.39535e-07, -6.37374e-08, 1.53403e-07, 0.909598, 0.415491, 2.20182e-14, -0.415491, 0.909598, 1.84538e-07, -1.20297, 0.585406)
bind/45/name = &"Toes_L"
bind/45/bone = -1
bind/45/pose = Transform3D(1, -1.22918e-09, -3.27843e-15, 2.12742e-10, -1, 2.00407e-13, -1.74893e-14, -1.86196e-13, -1, -0.114443, -0.0029797, 0.13247)
bind/46/name = &"Toes_R"
bind/46/bone = -1
bind/46/pose = Transform3D(1, 1.1649e-14, 1.29054e-14, -3.97824e-09, 1, 1.57815e-13, -1.34889e-14, -1.72026e-13, 1, 0.114443, 0.00297974, -0.13247)
bind/47/name = &"LeftUpperLeg"
bind/47/bone = -1
bind/47/pose = Transform3D(-0.999496, -0.0317421, 1.21943e-07, 0.031742, -0.999496, 1.00524e-07, 1.17723e-07, 1.8707e-08, 1, 0.125313, 0.827998, 0.0204691)
bind/48/name = &"RightUpperLeg"
bind/48/bone = -1
bind/48/pose = Transform3D(-0.999496, 0.0317411, 5.6315e-08, -0.0317411, -0.999496, 1.062e-07, -1.19119e-07, 1.87365e-08, 1, -0.125312, 0.827998, 0.020469)
metadata/humanoid_rotation_delta = {
"Chest": Transform3D(-3.56763e-15, 5.4528e-16, 1, 1, -1.19209e-07, 3.56763e-15, 2.98023e-08, 1, -5.4528e-16, -1.32349e-23, 1.19209e-07, 2.98023e-08),
"Head": Transform3D(1, -3.6318e-08, -1.11084e-07, 5.35026e-08, 0.987303, 0.158851, 1.03904e-07, -0.158851, 0.987303, -3.55271e-15, 1.19209e-07, -2.98023e-08),
"Hips": Transform3D(0, 0, 1, 1, -5.96046e-08, 0, 2.98023e-08, 1, 0, 0, 0, 0),
"Jaw": Transform3D(-1, 3.6318e-08, 1.11084e-07, 1.03904e-07, -0.158851, 0.987303, 5.35026e-08, 0.987303, 0.158851, 7.10543e-15, -2.98023e-08, 1.19209e-07),
"Jaw2": Transform3D(1, -2.45219e-08, -1.16982e-07, 4.27932e-08, 0.987303, 0.15885, 1.11601e-07, -0.158851, 0.987303, -4.07454e-09, 0.00264442, -0.010199),
"LeftFoot": Transform3D(-0.0165053, 0.0271134, 0.999496, -0.854183, -0.519973, -2.554e-07, 0.519711, -0.853753, 0.0317421, 0, 0, 2.98023e-08),
"LeftHand": Transform3D(-0.294109, 0.307229, -0.905048, 0.949879, -0.0110341, -0.312423, -0.105972, -0.951572, -0.288585, 4.47035e-08, 0, -1.19209e-07),
"LeftIndexDistal": Transform3D(0.0173683, 0.288044, -0.95746, 0.992179, 0.113423, 0.0521213, 0.123612, -0.950877, -0.283822, 0, -5.96046e-08, -1.19209e-07),
"LeftIndexIntermediate": Transform3D(-4.17233e-07, 0.27376, -0.961799, 1, -2.32831e-09, 2.90573e-07, 7.07805e-08, -0.961799, -0.27376, 5.96046e-08, -5.96046e-08, -1.19209e-07),
"LeftIndexProximal": Transform3D(-3.42727e-07, 0.27468, -0.961536, 1, 2.38157e-07, 4.32134e-07, 1.00583e-07, -0.961536, -0.27468, 2.98023e-08, 0, -1.19209e-07),
"LeftLowerArm": Transform3D(-0.000462435, -0.944368, -0.328892, 0.999999, 8.68016e-08, -0.00140586, 0.00132822, -0.328892, 0.944367, -1.19209e-07, 0, 0),
"LeftLowerLeg": Transform3D(0.0242853, -0.16951, 0.985229, -0.998758, 0.0387684, 0.0312889, -0.0434995, -0.984766, -0.168358, 0, 0, 0),
"LeftMiddleDistal": Transform3D(0.0780269, 0.334456, -0.939177, 0.972665, 0.181129, 0.145312, 0.218713, -0.924842, -0.311181, 2.98023e-08, 0, -1.19209e-07),
"LeftMiddleIntermediate": Transform3D(1.11759e-08, 0.292543, -0.956253, 1, 1.04477e-06, 8.08388e-07, 1.31689e-06, -0.956254, -0.292543, 2.98023e-08, 0, -1.19209e-07),
"LeftMiddleProximal": Transform3D(-3.72529e-08, 0.296891, -0.954912, 1, -1.4645e-06, -8.9407e-08, -1.38767e-06, -0.954912, -0.296891, 2.98023e-08, 0, -1.19209e-07),
"LeftShoulder": Transform3D(-1.78814e-07, -0.374959, 0.927042, 1, 1.99303e-07, 0, -3.42727e-07, 0.927042, 0.374959, -8.9407e-08, 0, 1.19209e-07),
"LeftThumbDistal": Transform3D(0.344584, 0.865586, 0.36329, 0.848573, -0.453039, 0.275571, 0.403115, 0.213321, -0.890625, 0, -5.96046e-08, 0),
"LeftThumbMetacarpal": Transform3D(-7.00355e-07, 0.982211, 0.187784, 1.00061, 5.99772e-07, 1.3411e-06, 3.27826e-07, 0.187897, -0.982808, 1.19209e-07, 2.98023e-08, 0),
"LeftThumbProximal": Transform3D(0.000187136, 0.97105, 0.239138, 1.00054, 0.000179913, 4.53591e-05, -7.45058e-08, 0.239268, -0.971582, 1.19209e-07, -5.96046e-08, 0),
"LeftToes": Transform3D(2.89564e-07, -0.031742, -0.999496, -1, 1.0605e-07, -2.65932e-07, 1.15736e-07, 0.999496, -0.031742, 0, -1.49012e-08, -3.72529e-08),
"LeftUpperArm": Transform3D(-0.00258896, 0.329372, -0.944198, 0.999982, -0.00426881, -0.00423055, -0.00542409, -0.944191, -0.329355, 0, -7.45058e-09, -1.19209e-07),
"LeftUpperLeg": Transform3D(-8.71718e-07, 1, 1.34283e-07, -1, -8.45641e-07, 1.06441e-08, -4.47035e-08, -1.30851e-07, 1, 0, 0, 0),
"Neck": Transform3D(-5.35026e-08, 1.03904e-07, -1, 1, 8.9407e-08, -5.35026e-08, 8.9407e-08, -1, -1.03904e-07, -3.55271e-15, 1.19209e-07, -2.98023e-08),
"RightEye": Transform3D(1, -3.6318e-08, -1.11084e-07, 1.03904e-07, -0.158851, 0.987303, -5.35026e-08, -0.987303, -0.158851, -3.55271e-15, -2.98023e-08, -1.19209e-07),
"RightFoot": Transform3D(-0.0165046, 0.0271127, 0.999496, 0.854183, 0.519973, 2.64606e-07, -0.51971, 0.853753, -0.0317411, 0, 0, 2.98023e-08),
"RightHand": Transform3D(-0.29411, 0.307213, -0.905053, -0.949878, 0.0110371, 0.312424, 0.10597, 0.951577, 0.288569, -2.98023e-08, 0, -1.19209e-07),
"RightIndexDistal": Transform3D(0.0173948, 0.28803, -0.957464, -0.992188, -0.113337, -0.0521208, -0.123528, 0.950891, 0.283809, 0, 5.96046e-08, -1.19209e-07),
"RightIndexIntermediate": Transform3D(2.42218e-05, 0.273742, -0.961804, -1, 8.71506e-05, -8.27014e-07, 8.34651e-05, 0.961803, 0.273743, -5.96046e-08, 0, -1.19209e-07),
"RightIndexProximal": Transform3D(7.6443e-06, 0.274664, -0.961541, -1, 2.20857e-05, -1.98185e-06, 2.06642e-05, 0.961541, 0.274663, -2.98023e-08, 5.96046e-08, -1.19209e-07),
"RightLowerArm": Transform3D(-0.000462312, -0.944373, -0.328876, -0.999999, -2.20563e-07, 0.00140645, -0.0013285, 0.328876, -0.944373, 1.19209e-07, 0, -5.96046e-08),
"RightLowerLeg": Transform3D(0.0242843, -0.16951, 0.985229, 0.998758, -0.0387685, -0.031288, 0.0434994, 0.984766, 0.168358, 0, 0, 0),
"RightMiddleDistal": Transform3D(0.0780287, 0.33444, -0.939182, -0.972664, -0.181132, -0.145311, -0.218714, 0.924847, 0.311164, -2.98023e-08, -5.96046e-08, -1.19209e-07),
"RightMiddleIntermediate": Transform3D(-2.30223e-06, 0.292527, -0.956258, -1, -4.59104e-06, 8.82894e-07, -4.35952e-06, 0.956258, 0.292527, 0, -1.19209e-07, -1.19209e-07),
"RightMiddleProximal": Transform3D(1.80304e-06, 0.296875, -0.954917, -1, 6.22298e-06, 3.72529e-08, 5.7593e-06, 0.954917, 0.296875, -2.98023e-08, 0, -1.19209e-07),
"RightShoulder": Transform3D(-1.81198e-05, -0.374963, 0.92704, -1, 4.89985e-05, 7.45058e-07, -4.55528e-05, -0.92704, -0.374963, 5.96046e-08, 0, 1.19209e-07),
"RightThumbDistal": Transform3D(0.344597, 0.865591, 0.363262, -0.848571, 0.453041, -0.275574, -0.403107, -0.213292, 0.890636, -1.19209e-07, 0, 0),
"RightThumbMetacarpal": Transform3D(-0.000119224, 0.982213, 0.187773, -1.00061, -0.000122584, 6.31809e-06, 3.03686e-05, -0.187887, 0.98281, -1.19209e-07, -2.98023e-08, 5.96046e-08),
"RightThumbProximal": Transform3D(0.000187702, 0.971057, 0.239107, -1.00054, -0.000178214, -4.84884e-05, -3.56138e-06, -0.239238, 0.971589, -1.19209e-07, -5.96046e-08, 0),
"RightToes": Transform3D(1.83328e-09, -0.0317411, -0.999496, 1, -9.62728e-08, 1.83728e-07, -1.00157e-07, -0.999496, 0.0317411, 0, 7.45058e-09, -2.23517e-08),
"RightUpperArm": Transform3D(-0.00259058, 0.329355, -0.944203, -0.999982, 0.0042639, 0.0042308, 0.00541931, 0.944197, 0.329338, -5.96046e-08, 0, -1.19209e-07),
"RightUpperLeg": Transform3D(1.22935e-07, 1, 6.14892e-08, 1, -1.49012e-07, -1.02408e-07, -4.47035e-08, 2.37953e-07, -1, 0, 0, 0),
"Spine": Transform3D(-2.41926e-15, -3.53934e-16, -1, 1, 4.84288e-08, -2.41926e-15, -7.45058e-09, -1, 3.53934e-16, 0, 5.96046e-08, -7.45058e-09),
"UpperChest": Transform3D(-1.44832e-07, 6.91438e-08, -1, 0.938531, -0.345196, -1.59797e-07, -0.345196, -0.938531, -1.48981e-08, -1.42109e-14, 1.19209e-07, -5.96046e-08)
}
