[gd_resource type="Skin" format=3 uid="uid://dlxkv8hrxx2mh"]

[resource]
resource_name = "Skin5"
bind_count = 1
bind/0/name = &"Hips"
bind/0/bone = -1
bind/0/pose = Transform3D(1, 3.96657e-15, -6.44485e-15, -4.88498e-15, 0.988775, -0.149412, 5.77985e-15, 0.149412, 0.988775, -3.47581e-15, -0.86644, -0.130926)
metadata/humanoid_rotation_delta = {
"Chest": Transform3D(-3.56763e-15, 5.4528e-16, 1, 1, -1.19209e-07, 3.56763e-15, 2.98023e-08, 1, -5.4528e-16, -1.32349e-23, 1.19209e-07, 2.98023e-08),
"Head": Transform3D(1, -3.6318e-08, -1.11084e-07, 5.35026e-08, 0.987303, 0.158851, 1.03904e-07, -0.158851, 0.987303, -3.55271e-15, 1.19209e-07, -2.98023e-08),
"Hips": Transform3D(0, 0, 1, 1, -5.96046e-08, 0, 2.98023e-08, 1, 0, 0, 0, 0),
"Jaw": Transform3D(-1, 3.6318e-08, 1.11084e-07, 1.03904e-07, -0.158851, 0.987303, 5.35026e-08, 0.987303, 0.158851, 7.10543e-15, -2.98023e-08, 1.19209e-07),
"Jaw2": Transform3D(1, -2.45219e-08, -1.16982e-07, 4.27932e-08, 0.987303, 0.15885, 1.11601e-07, -0.158851, 0.987303, -4.07454e-09, 0.00264442, -0.010199),
"LeftFoot": Transform3D(-0.0165053, 0.0271134, 0.999496, -0.854183, -0.519973, -2.554e-07, 0.519711, -0.853753, 0.0317421, 0, 0, 2.98023e-08),
"LeftHand": Transform3D(-0.294109, 0.307229, -0.905048, 0.949879, -0.0110341, -0.312423, -0.105972, -0.951572, -0.288585, 4.47035e-08, 0, -1.19209e-07),
"LeftIndexDistal": Transform3D(0.0173683, 0.288044, -0.95746, 0.992179, 0.113423, 0.0521213, 0.123612, -0.950877, -0.283822, 0, -5.96046e-08, -1.19209e-07),
"LeftIndexIntermediate": Transform3D(-4.17233e-07, 0.27376, -0.961799, 1, -2.32831e-09, 2.90573e-07, 7.07805e-08, -0.961799, -0.27376, 5.96046e-08, -5.96046e-08, -1.19209e-07),
"LeftIndexProximal": Transform3D(-3.42727e-07, 0.27468, -0.961536, 1, 2.38157e-07, 4.32134e-07, 1.00583e-07, -0.961536, -0.27468, 2.98023e-08, 0, -1.19209e-07),
"LeftLowerArm": Transform3D(-0.000462435, -0.944368, -0.328892, 0.999999, 8.68016e-08, -0.00140586, 0.00132822, -0.328892, 0.944367, -1.19209e-07, 0, 0),
"LeftLowerLeg": Transform3D(0.0242853, -0.16951, 0.985229, -0.998758, 0.0387684, 0.0312889, -0.0434995, -0.984766, -0.168358, 0, 0, 0),
"LeftMiddleDistal": Transform3D(0.0780269, 0.334456, -0.939177, 0.972665, 0.181129, 0.145312, 0.218713, -0.924842, -0.311181, 2.98023e-08, 0, -1.19209e-07),
"LeftMiddleIntermediate": Transform3D(1.11759e-08, 0.292543, -0.956253, 1, 1.04477e-06, 8.08388e-07, 1.31689e-06, -0.956254, -0.292543, 2.98023e-08, 0, -1.19209e-07),
"LeftMiddleProximal": Transform3D(-3.72529e-08, 0.296891, -0.954912, 1, -1.4645e-06, -8.9407e-08, -1.38767e-06, -0.954912, -0.296891, 2.98023e-08, 0, -1.19209e-07),
"LeftShoulder": Transform3D(-1.78814e-07, -0.374959, 0.927042, 1, 1.99303e-07, 0, -3.42727e-07, 0.927042, 0.374959, -8.9407e-08, 0, 1.19209e-07),
"LeftThumbDistal": Transform3D(0.344584, 0.865586, 0.36329, 0.848573, -0.453039, 0.275571, 0.403115, 0.213321, -0.890625, 0, -5.96046e-08, 0),
"LeftThumbMetacarpal": Transform3D(-7.00355e-07, 0.982211, 0.187784, 1.00061, 5.99772e-07, 1.3411e-06, 3.27826e-07, 0.187897, -0.982808, 1.19209e-07, 2.98023e-08, 0),
"LeftThumbProximal": Transform3D(0.000187136, 0.97105, 0.239138, 1.00054, 0.000179913, 4.53591e-05, -7.45058e-08, 0.239268, -0.971582, 1.19209e-07, -5.96046e-08, 0),
"LeftToes": Transform3D(2.89564e-07, -0.031742, -0.999496, -1, 1.0605e-07, -2.65932e-07, 1.15736e-07, 0.999496, -0.031742, 0, -1.49012e-08, -3.72529e-08),
"LeftUpperArm": Transform3D(-0.00258896, 0.329372, -0.944198, 0.999982, -0.00426881, -0.00423055, -0.00542409, -0.944191, -0.329355, 0, -7.45058e-09, -1.19209e-07),
"LeftUpperLeg": Transform3D(-8.71718e-07, 1, 1.34283e-07, -1, -8.45641e-07, 1.06441e-08, -4.47035e-08, -1.30851e-07, 1, 0, 0, 0),
"Neck": Transform3D(-5.35026e-08, 1.03904e-07, -1, 1, 8.9407e-08, -5.35026e-08, 8.9407e-08, -1, -1.03904e-07, -3.55271e-15, 1.19209e-07, -2.98023e-08),
"RightEye": Transform3D(1, -3.6318e-08, -1.11084e-07, 1.03904e-07, -0.158851, 0.987303, -5.35026e-08, -0.987303, -0.158851, -3.55271e-15, -2.98023e-08, -1.19209e-07),
"RightFoot": Transform3D(-0.0165046, 0.0271127, 0.999496, 0.854183, 0.519973, 2.64606e-07, -0.51971, 0.853753, -0.0317411, 0, 0, 2.98023e-08),
"RightHand": Transform3D(-0.29411, 0.307213, -0.905053, -0.949878, 0.0110371, 0.312424, 0.10597, 0.951577, 0.288569, -2.98023e-08, 0, -1.19209e-07),
"RightIndexDistal": Transform3D(0.0173948, 0.28803, -0.957464, -0.992188, -0.113337, -0.0521208, -0.123528, 0.950891, 0.283809, 0, 5.96046e-08, -1.19209e-07),
"RightIndexIntermediate": Transform3D(2.42218e-05, 0.273742, -0.961804, -1, 8.71506e-05, -8.27014e-07, 8.34651e-05, 0.961803, 0.273743, -5.96046e-08, 0, -1.19209e-07),
"RightIndexProximal": Transform3D(7.6443e-06, 0.274664, -0.961541, -1, 2.20857e-05, -1.98185e-06, 2.06642e-05, 0.961541, 0.274663, -2.98023e-08, 5.96046e-08, -1.19209e-07),
"RightLowerArm": Transform3D(-0.000462312, -0.944373, -0.328876, -0.999999, -2.20563e-07, 0.00140645, -0.0013285, 0.328876, -0.944373, 1.19209e-07, 0, -5.96046e-08),
"RightLowerLeg": Transform3D(0.0242843, -0.16951, 0.985229, 0.998758, -0.0387685, -0.031288, 0.0434994, 0.984766, 0.168358, 0, 0, 0),
"RightMiddleDistal": Transform3D(0.0780287, 0.33444, -0.939182, -0.972664, -0.181132, -0.145311, -0.218714, 0.924847, 0.311164, -2.98023e-08, -5.96046e-08, -1.19209e-07),
"RightMiddleIntermediate": Transform3D(-2.30223e-06, 0.292527, -0.956258, -1, -4.59104e-06, 8.82894e-07, -4.35952e-06, 0.956258, 0.292527, 0, -1.19209e-07, -1.19209e-07),
"RightMiddleProximal": Transform3D(1.80304e-06, 0.296875, -0.954917, -1, 6.22298e-06, 3.72529e-08, 5.7593e-06, 0.954917, 0.296875, -2.98023e-08, 0, -1.19209e-07),
"RightShoulder": Transform3D(-1.81198e-05, -0.374963, 0.92704, -1, 4.89985e-05, 7.45058e-07, -4.55528e-05, -0.92704, -0.374963, 5.96046e-08, 0, 1.19209e-07),
"RightThumbDistal": Transform3D(0.344597, 0.865591, 0.363262, -0.848571, 0.453041, -0.275574, -0.403107, -0.213292, 0.890636, -1.19209e-07, 0, 0),
"RightThumbMetacarpal": Transform3D(-0.000119224, 0.982213, 0.187773, -1.00061, -0.000122584, 6.31809e-06, 3.03686e-05, -0.187887, 0.98281, -1.19209e-07, -2.98023e-08, 5.96046e-08),
"RightThumbProximal": Transform3D(0.000187702, 0.971057, 0.239107, -1.00054, -0.000178214, -4.84884e-05, -3.56138e-06, -0.239238, 0.971589, -1.19209e-07, -5.96046e-08, 0),
"RightToes": Transform3D(1.83328e-09, -0.0317411, -0.999496, 1, -9.62728e-08, 1.83728e-07, -1.00157e-07, -0.999496, 0.0317411, 0, 7.45058e-09, -2.23517e-08),
"RightUpperArm": Transform3D(-0.00259058, 0.329355, -0.944203, -0.999982, 0.0042639, 0.0042308, 0.00541931, 0.944197, 0.329338, -5.96046e-08, 0, -1.19209e-07),
"RightUpperLeg": Transform3D(1.22935e-07, 1, 6.14892e-08, 1, -1.49012e-07, -1.02408e-07, -4.47035e-08, 2.37953e-07, -1, 0, 0, 0),
"Spine": Transform3D(-2.41926e-15, -3.53934e-16, -1, 1, 4.84288e-08, -2.41926e-15, -7.45058e-09, -1, 3.53934e-16, 0, 5.96046e-08, -7.45058e-09),
"UpperChest": Transform3D(-1.44832e-07, 6.91438e-08, -1, 0.938531, -0.345196, -1.59797e-07, -0.345196, -0.938531, -1.48981e-08, -1.42109e-14, 1.19209e-07, -5.96046e-08)
}
